%YAML:1.0
---
CalibrationValues:
   intrinsics: !!opencv-matrix
      rows: 3
      cols: 3
      dt: d
      data: [ 7.7671530985485219e+02, 0., 3.7731956572663717e+02, 0.,
          7.7604726838085594e+02, 3.0588146725597164e+02, 0., 0., 1. ]
   distortion: !!opencv-matrix
      rows: 5
      cols: 1
      dt: d
      data: [ 3.4320742525401920e-01, -5.2390022734427424e+00,
          -1.6275677797408714e-02, -5.5481571532124720e-03,
          1.8490253518918959e+01 ]
   rms_error: 1.0112845757998548e-01
   total_error: 1.0112742157814975e-01
