fx: 1479.832887819
fy: 1477.564891301
ox: 976.255980955
oy: 538.286875345
imagewidth: 1080
imageheight: 1920

